# DESCRIPTION: Verilator output: Timestamp data for --skip-identical.  Delete at will.
C "--binary -j 0 -x-assign fast -Wall --trace ./test/mt_cpu_tb.v -y ./src -Wno-UNUSEDSIGNAL -Wno-WIDTHTRUNC"
S  14072384  9987418  1746201007   148318486  1746152678           0 "/home/bala/oss-cad-suite/libexec/verilator_bin"
S      6525 10105712  1746201012    93381885  1746152678           0 "/home/bala/oss-cad-suite/share/verilator/include/verilated_std.sv"
S      2787 10105681  1746201012    89381834  1746152678           0 "/home/bala/oss-cad-suite/share/verilator/include/verilated_std_waiver.vlt"
T      5494 13944324  1751034512   923547117  1751034512   923547117 "obj_dir/Vmt_cpu_tb.cpp"
T      3577 13944323  1751034512   923547117  1751034512   923547117 "obj_dir/Vmt_cpu_tb.h"
T      1910 13944337  1751034512   931547045  1751034512   931547045 "obj_dir/Vmt_cpu_tb.mk"
T     16864 13944322  1751034512   922547126  1751034512   922547126 "obj_dir/Vmt_cpu_tb__ConstPool_0.cpp"
T      1616 13944320  1751034512   920547144  1751034512   920547144 "obj_dir/Vmt_cpu_tb__Syms.cpp"
T      1471 13944321  1751034512   920547144  1751034512   920547144 "obj_dir/Vmt_cpu_tb__Syms.h"
T       308 13944331  1751034512   931547045  1751034512   931547045 "obj_dir/Vmt_cpu_tb__TraceDecls__0__Slow.cpp"
T     16305 13944329  1751034512   926547090  1751034512   926547090 "obj_dir/Vmt_cpu_tb__Trace__0.cpp"
T     81374 13944328  1751034512   930547054  1751034512   930547054 "obj_dir/Vmt_cpu_tb__Trace__0__Slow.cpp"
T      4643 13944326  1751034512   924547108  1751034512   924547108 "obj_dir/Vmt_cpu_tb___024root.h"
T     60896 13944333  1751034512   929547063  1751034512   929547063 "obj_dir/Vmt_cpu_tb___024root__DepSet_h1e83eacb__0.cpp"
T     28385 13944334  1751034512   928547072  1751034512   928547072 "obj_dir/Vmt_cpu_tb___024root__DepSet_h1e83eacb__0__Slow.cpp"
T      2263 13944330  1751034512   925547099  1751034512   925547099 "obj_dir/Vmt_cpu_tb___024root__DepSet_h654a82d8__0.cpp"
T       911 13944332  1751034512   925547099  1751034512   925547099 "obj_dir/Vmt_cpu_tb___024root__DepSet_h654a82d8__0__Slow.cpp"
T       740 13944327  1751034512   925547099  1751034512   925547099 "obj_dir/Vmt_cpu_tb___024root__Slow.cpp"
T      1096 13944335  1751034512   931547045  1751034512   931547045 "obj_dir/Vmt_cpu_tb__main.cpp"
T       776 13944325  1751034512   923547117  1751034512   923547117 "obj_dir/Vmt_cpu_tb__pch.h"
T      1236 13944338  1751034512   932547036  1751034512   932547036 "obj_dir/Vmt_cpu_tb__ver.d"
T         0        0  1751034512   932547036  1751034512   932547036 "obj_dir/Vmt_cpu_tb__verFiles.dat"
T      1946 13944336  1751034512   931547045  1751034512   931547045 "obj_dir/Vmt_cpu_tb_classes.mk"
S       686 13944385  1751032165   288695188  1751032165   288695188 "src/alu.v"
S       507 13944375  1751032165   286695256  1751032165   286695256 "src/branch_unit.v"
S      2631 13944381  1751032165   287695222  1751032165   287695222 "src/control_unit.v"
S      2852 13944392  1751032165   290695120  1751032165   290695120 "src/data_memory.v"
S      1910 13944382  1751032165   288695188  1751032165   288695188 "src/decode.v"
S      1750 13944386  1751032165   289695154  1751032165   289695154 "src/execute.v"
S      1186 13944389  1751032165   289695154  1751032165   289695154 "src/fetch.v"
S      1082 13944383  1751032165   288695188  1751032165   288695188 "src/imm_ext.v"
S      1014 13944390  1751032165   289695154  1751032165   289695154 "src/instr_mem.v"
S      1177 13944393  1751032165   290695120  1751032165   290695120 "src/memory.v"
S      9801 13944376  1751032165   286695256  1751032165   286695256 "src/mt_cpu.v"
S      1024 13944387  1751032165   289695154  1751032165   289695154 "src/mt_pc.v"
S      1335 13944373  1751033463   713741989  1751033463   713741989 "src/mt_reg_file.v"
S       319 13944399  1751032165   291695086  1751032165   291695086 "src/mux3.v"
S      1805 13944378  1751032165   287695222  1751032165   287695222 "src/pl_reg_de.v"
S      1508 13944379  1751032165   287695222  1751032165   287695222 "src/pl_reg_em.v"
S       686 13944377  1751032165   287695222  1751032165   287695222 "src/pl_reg_fd.v"
S      1305 13944380  1751032165   287695222  1751032165   287695222 "src/pl_reg_mw.v"
S       290 13944388  1751032165   289695154  1751032165   289695154 "src/thread_sel.v"
S       821 13944394  1751032165   290695120  1751032165   290695120 "src/writeback.v"
S       884 13944415  1751034508   137590230  1751034508   137590230 "test/mt_cpu_tb.v"
